011111110
001111011
011111010
011111100
011111110
000111000
011111010
011111100
011111110
001111111
011110110
011111100
011111110
000110100
011110110
011111100
011111110
010000001
011110010
011111100
011111110
001111101
011101110
011111100
011111110
000101100
011101110
011111100
000000001
010010100
000010000
011111110
011110100
010101100
011010110
011111111
010110110
011111100
000000011
001010010
000000011
001111010
110000010
011111110
001101001
011111010
011111100
011111110
000000001
011101010
011111100
000101000
010010100
000010000
011111110
011110100
010101100
011010110
011111111
010110110
011111100
000000011
001010010
001001010
000000011
001111010
110000100
011111110
100011001
011111010
011111100
011111110
011110000
001111010
011111100
000000001
010010100
000010000
011111110
011110100
010101100
011010110
011111111
010110110
011111100
000000011
001010010
000000011
001111010
110000110
111111111
